MG1423021
MF1423044
MF1523017
MG1523016
121190026
121190047
121190110
121190112
131180010
131180014
131180106
131180115
131180125
131180154
131190014
131190077
131190118
141130118
141160028
141160037
141180001
141180002
141180003
141180004
141180005
141180006
141180007
141180008
141180009
141180010
141180011
141180012
141180013
141180014
141180015
141180016
141180017
141180018
141180019
141180020
141180021
141180022
141180023
141180024
141180025
141180026
141180028
141180029
141180030
141180031
141180032
141180033
141180034
141180035
141180037
141180038
141180039
141180040
141180041
141180042
141180043
141180044
141180045
141180046
141180047
141180048
141180049
141180050
141180051
141180052
141180053
141180054
141180055
141180056
141180057
141180058
141180059
141180060
141180061
141180062
141180063
141180064
141180065
141180066
141180067
141180068
141180069
141180070
141180071
141180072
141180073
141180074
141180075
141180076
141180077
141180078
141180079
141180080
141180081
141180082
141180083
141180084
141180085
141180086
141180087
141180088
141180089
141180090
141180091
141180092
141180093
141180094
141180095
141180096
141180097
141180098
141180099
141180100
141180101
141180102
141180103
141180104
141180105
141180106
141180107
141180108
141180109
141180110
141180111
141180112
141180113
141180114
141180115
141180116
141180117
141180118
141180119
141180120
141180121
141180122
141180123
141180124
141180125
141180126
141180128
141180129
141180130
141180131
141180132
141180133
141180134
141180135
141180136
141180138
141180139
141180140
141180141
141180142
141180143
141180144
141180145
141180146
141180147
141180148
141180149
141180150
141180151
141180152
141180153
141180154
141180155
141180156
141180157
141180158
141180159
141180160
141180161
141180162
141180163
141180164
141180165
141180166
141180167
141180168
141180169
141180170
141180171
141180172
141180173
141180174
141180175
141180176
141180177
141180178
141180179
141180180
141180181
141180182
141190002
141190004
141190026
141190032
141190035
141190036
141190037
141190041
141190064
141190069
141190071
141190092
141190094
141190096
141190098
141190106
141190119
141210022
145180001